function demodulation( fc )
%UNTITLED6 Summary of this function goes here
%   Detailed explanation goes here
Num2=[-1.71393692494468e-09,2.77341597327421e-08,5.97158776678287e-08,6.50502376464414e-08,-6.64736617768025e-09,-1.64314630482374e-07,-3.23638371295267e-07,-3.13122696692209e-07,1.78492364073159e-08,6.23790685205297e-07,1.15180250245941e-06,1.05254878439908e-06,-4.11825552244913e-08,-1.85183456693207e-06,-3.28737469859108e-06,-2.89743259388227e-06,8.53577680378322e-08,4.70166425342285e-06,8.11804584871484e-06,6.97145776783652e-06,-1.62908863914545e-07,-1.06677061671255e-05,-1.80331368427894e-05,-1.51779524185476e-05,2.90765065506330e-07,2.21925012062210e-05,3.68823379160396e-05,3.05415290128860e-05,-4.90475518147003e-07,-4.30421213876269e-05,-7.05287242148833e-05,-5.76140916391086e-05,7.87865368248197e-07,7.87383029909314e-05,0.000127476748803727,0.000102929783307905,-1.21200486828269e-06,-0.000137028449389244,-0.000219546979664025,-0.000175488200461724,1.79335969744492e-06,0.000228372684941418,0.000362569527684325,0.000287247670907675,-2.56113317509631e-06,-0.000366435394713478,-0.000577084462092437,-0.000453625799766496,3.53993729217743e-06,0.000568593886134959,0.000889081252755962,0.000694041610858307,-4.74604235401353e-06,-0.000856529482230486,-0.00133089616882204,-0.00103260558547802,6.18360986095180e-06,0.00125706365817893,0.00194254690960340,0.00149919524329786,-7.84137616564300e-06,-0.00180358047922729,-0.00277407820070174,-0.00213139819639738,9.69028708231233e-06,0.00253871617077665,0.00389006300913893,0.00297828660980004,-1.16825604753827e-05,-0.00351969571099067,-0.00537860510520125,-0.00410802554473748,1.37525488023431e-05,0.00482928012474466,0.00736998366038946,0.00562380142401131,-1.58195128431023e-05,-0.00659929878667945,-0.0100773747097220,-0.00769924589811964,1.77923017502745e-05,0.00906530285676027,0.0138939037332003,0.0106653446298945,-1.95755818974796e-05,-0.0127101597003780,-0.0196581845522174,-0.0152592660212774,2.10770540793594e-05,0.0187222780988101,0.0295588999063903,0.0235378340017020,-2.22149799797225e-05,-0.0310254827935615,-0.0516580246053974,-0.0441753742751370,2.29251490349152e-05,0.0745453047624288,0.158685234328823,0.224896468804038,0.249976833429699,0.224896468804038,0.158685234328823,0.0745453047624288,2.29251490349152e-05,-0.0441753742751370,-0.0516580246053974,-0.0310254827935615,-2.22149799797225e-05,0.0235378340017020,0.0295588999063903,0.0187222780988101,2.10770540793594e-05,-0.0152592660212774,-0.0196581845522174,-0.0127101597003780,-1.95755818974796e-05,0.0106653446298945,0.0138939037332003,0.00906530285676027,1.77923017502745e-05,-0.00769924589811964,-0.0100773747097220,-0.00659929878667945,-1.58195128431023e-05,0.00562380142401131,0.00736998366038946,0.00482928012474466,1.37525488023431e-05,-0.00410802554473748,-0.00537860510520125,-0.00351969571099067,-1.16825604753827e-05,0.00297828660980004,0.00389006300913893,0.00253871617077665,9.69028708231233e-06,-0.00213139819639738,-0.00277407820070174,-0.00180358047922729,-7.84137616564300e-06,0.00149919524329786,0.00194254690960340,0.00125706365817893,6.18360986095180e-06,-0.00103260558547802,-0.00133089616882204,-0.000856529482230486,-4.74604235401353e-06,0.000694041610858307,0.000889081252755962,0.000568593886134959,3.53993729217743e-06,-0.000453625799766496,-0.000577084462092437,-0.000366435394713478,-2.56113317509631e-06,0.000287247670907675,0.000362569527684325,0.000228372684941418,1.79335969744492e-06,-0.000175488200461724,-0.000219546979664025,-0.000137028449389244,-1.21200486828269e-06,0.000102929783307905,0.000127476748803727,7.87383029909314e-05,7.87865368248197e-07,-5.76140916391086e-05,-7.05287242148833e-05,-4.30421213876269e-05,-4.90475518147003e-07,3.05415290128860e-05,3.68823379160396e-05,2.21925012062210e-05,2.90765065506330e-07,-1.51779524185476e-05,-1.80331368427894e-05,-1.06677061671255e-05,-1.62908863914545e-07,6.97145776783652e-06,8.11804584871484e-06,4.70166425342285e-06,8.53577680378322e-08,-2.89743259388227e-06,-3.28737469859108e-06,-1.85183456693207e-06,-4.11825552244913e-08,1.05254878439908e-06,1.15180250245941e-06,6.23790685205297e-07,1.78492364073159e-08,-3.13122696692209e-07,-3.23638371295267e-07,-1.64314630482374e-07,-6.64736617768025e-09,6.50502376464414e-08,5.97158776678287e-08,2.77341597327421e-08,-1.71393692494468e-09];
